-95.8010
-95.8010
-95.7970
-95.7970
-95.8010
-95.8010
-95.8010
-95.8010
-95.8240
-95.8240
-95.8240
-95.8240
-95.8500
-95.8500
-95.8240
-95.8240
-95.8500
-95.8500
-95.9000
-95.9000
-95.9000
-95.9000
-95.8750
-95.8750
-95.8750
-95.8750
-95.8500
-95.8500
-95.8750
-95.8750
-95.8500
-95.8500
-95.8750
-95.8750
-95.8750
-95.8750
-95.8500
-95.8500
-95.8480
-95.8480
-95.8960
-95.8960
-95.9000
-95.9000
-95.8750
-95.8750
-95.8750
-95.8750
-95.8240
-95.8240
-95.8750
-95.8750
-95.8750
-95.8750
-95.8750
-95.8750
-95.8500
-95.8500
-95.8500
-95.8500
-95.8220
-95.8220
-95.8220
-95.8220
-95.8500
-95.8500
-95.8750
-95.8750
-95.8750
-95.8750
-95.8750
-95.8710
-95.8710
-95.8750
-95.8750
-95.8750
-95.8750
-95.9000
-95.9000
-95.8710
-95.8710
-95.8500
-95.8500
-95.8010
-95.8010
-95.8010
-95.8010
-95.8240
-95.8240
-95.8500
-95.8500
-95.8500
-95.8500
-95.8500
-95.8500
-95.8220
-95.8220
-95.8500
-95.8500
-95.8240
-95.8240
-95.8500
-95.8500
-95.8750
-95.8750
-95.8220
-95.8220
-95.8240
-95.8240
-95.8240
-95.8240
-95.8240
-95.8240
-95.8240
-95.8240
-95.7970
-95.7970
-95.8010
-95.8010
-95.8010
-95.8010
-95.8220
-95.8220
-95.8240
-95.8240
-95.8240
-95.8240
-95.8010
-95.8010
-95.7970
-95.7970
-95.8240
-95.8240
-95.8240
-95.8240
-95.8240
-95.8240
-95.8240
-95.8240
-95.7750
-95.7750
-95.8010
-95.8010
-95.8240
-95.8240
-95.8240
-95.8240
-95.8240
-95.8240
-95.8240
-95.8240
-95.8220
-95.8220
-95.8220
-95.8220
-95.8240
-95.8240
-95.8480
-95.8480
-95.8240
-95.8240
-95.8240
-95.8240
-95.8240
-95.8240
-95.8220
-95.8220
-95.8240
-95.8240
-95.8220
-95.8220
-95.8240
-95.8240
-95.8010
-95.8010
-95.8240
-95.8240
-95.8240
-95.8240
-95.8240
-95.8240
-95.8240
-95.8240
-95.8010
-95.8010
-95.7750
-95.7750
-95.8010
-95.8010
-95.7710
-95.7710
-95.7750
-95.7750
-95.7750
-95.7750
-95.7500
-95.7500
-95.7750
-95.7750
-95.7750
-95.7750
-95.8010
-95.8010
-95.8010
-95.8010
-95.7970
-95.7970
-95.7750
-95.7750
-95.7750
-95.7750
-95.8010
-95.8010
-95.8240
-95.8240
-95.8240
-95.8240
-95.8010
-95.8010
-95.7750
-95.7750
-95.8010
-95.8010
-95.7970
-95.7970
-95.8010
-95.8010
-95.8010
-95.8010
-95.7500
-95.7500
-95.6990
-95.6990
-95.7250
-95.7250
-95.7460
-95.7460
-95.7750
-95.7750
-95.7710
-95.7710
-95.7500
-95.7500
-95.7710
-95.7710
-95.7500
-95.7500
-95.7750
-95.7750
-95.7750
-95.7750
-95.7460
-95.7460
-95.7500
-95.7500
-95.7500
-95.7500
-95.7500
-95.7500
-95.7500
-95.7500
-95.7250
-95.7250
-95.7250
-95.7250
-95.7250
-95.7250
-95.7500
-95.7500
-95.7250
-95.7250
-95.7250
-95.7250
-95.6950
-95.6950
-95.6990
-95.6990
-95.6950
-95.6950
-95.6990
-95.6990
-95.7250
-95.7250
-95.6990
-95.6990
-95.6990
-95.6990
-95.7230
-95.7230
-95.7230
-95.7230
-95.7250
-95.7250
-95.7250
-95.7250
-95.6990
-95.6990
-95.7250
-95.7250
-95.7250
-95.7250
-95.7230
-95.7230
-95.6990
-95.6990
-95.6740
-95.6740
-95.6740
-95.6740
-95.6740
-95.6740
-95.6740
-95.6740
-95.6990
-95.6990
-95.7250
-95.7250
-95.6740
-95.6740
-95.6740
-95.6740
-95.6740
-95.6740
-95.6740
-95.6740
-95.6740
-95.6740
-95.6740
-95.6740
-95.6480
-95.6480
-95.6740
-95.6740
-95.6700
-95.6700
-95.6740
-95.6740
-95.6480
-95.6480
-95.6250
-95.6250
-95.6480
-95.6480
-95.6480
-95.6480
-95.6740
-95.6740
-95.6480
-95.6480
-95.6270
-95.6270
-95.5740
-95.5740
-95.6000
-95.6000
-95.6000
-95.6000
-95.6250
-95.6250
-95.6250
-95.6250
-95.6000
-95.6000
-95.6000
-95.6000
-95.6000
-95.6000
-95.6000
-95.6000
-95.6000
-95.6000
-95.5740
-95.5740
-95.5740
-95.5740
-95.5740
-95.5740
-95.5740
-95.5740
-95.5740
-95.5740
-95.6000
-95.6000
-95.5740
-95.5740
-95.5490
-95.5490
-95.5490
-95.5490
-95.5740
-95.5740
-95.5490
-95.5490
-95.5490
-95.5740
-95.5740
-95.5470
-95.5470
-95.5230
-95.5230
-95.5470
-95.5470
-95.5230
-95.5230
-95.5230
-95.5230
-95.5230
-95.5230
-95.4750
-95.4750
-95.4980
-95.4980
-95.5230
-95.5230
-95.5230
-95.5230
-95.5230
-95.5230
-95.4750
-95.4750
-95.4980
-95.4980
-95.4750
-95.4750
-95.4980
-95.4980
-95.4750
-95.4750
-95.5230
-95.5230
-95.4980
-95.4980
-95.5210
-95.5210
-95.5490
-95.5490
-95.5230
-95.5230
-95.5470
-95.5470
-95.5490
-95.5490
-95.4980
-95.4980
-95.5230
-95.5230
-95.5230
-95.5230
-95.5210
-95.5210
-95.5230
-95.5230
-95.4980
-95.4980
-95.4980
-95.4980
-95.4980
-95.4980
-95.4980
-95.4980
-95.5490
-95.5490
-95.5230
-95.5230
-95.5230
-95.5230
-95.4980
-95.4980
-95.5230
-95.5230
-95.4980
-95.4980
-95.4960
-95.4960
-95.4490
-95.4490
-95.4490
-95.4490
-95.4750
-95.4750
-95.4490
-95.4490
-95.4490
-95.4490
-95.4750
-95.4750
-95.4750
-95.4750
-95.4980
-95.4980
-95.5230
-95.5230
-95.5230
-95.5230
-95.5270
-95.5270
-95.4980
-95.4980
-95.5230
-95.5230
-95.5230
-95.5230
-95.5230
-95.5230
-95.5230
-95.5230
-95.5230
-95.5230
-95.4980
-95.4980
-95.5230
-95.5230
-95.5490
-95.5490
-95.5490
-95.5490
-95.5230
-95.5230
-95.4980
-95.4980
-95.5230
-95.5230
-95.5490
-95.5490
-95.5230
-95.5230
-95.5490
-95.5490
-95.5230
-95.5230
-95.4980
-95.4980
-95.5230
-95.5230
-95.5230
-95.5230
-95.5490
-95.5490
-95.5490
-95.5490
-95.5230
-95.5230
-95.5230
-95.5230
-95.5490
-95.5490
-95.5740
-95.5740
-95.5490
-95.5490
-95.5210
-95.5210
-95.4960
-95.4960
-95.5490
-95.5490
-95.5740
-95.5740
-95.5490
-95.5490
-95.5740
-95.5740
-95.5230
-95.5230
-95.5230
-95.5230
-95.5740
-95.5740
-95.5700
-95.5700
-95.6000
-95.6000
-95.6000
-95.6000
-95.5740
-95.5740
-95.5740
-95.5740
-95.6000
-95.6000
-95.6250
-95.6250
-95.6250
-95.6250
-95.6250
-95.6250
-95.6250
-95.6250
-95.6250
-95.6250
-95.6480
-95.6480
-95.6480
-95.6480
-95.6480
-95.6480
-95.6520
-95.6520
-95.6250
-95.6250
-95.6480
-95.6480
-95.6480
-95.6480
-95.6250
-95.6250
-95.6460
-95.6460
-95.6480
-95.6480
-95.6250
-95.6250
-95.6480
-95.6480
-95.6480
-95.6480
-95.6740
-95.6740
-95.6740
-95.6740
-95.6480
-95.6480
-95.6480
-95.6480
-95.6740
-95.6740
-95.6740
-95.6740
-95.6740
-95.6740
-95.6480
-95.6480
-95.6480
-95.6480
-95.6480
-95.6480
-95.6480
-95.6480
-95.6740
-95.6740
-95.6740
-95.6740
-95.6250
-95.6250
-95.6250
-95.6250
-95.6250
-95.6250
-95.6480
-95.6480
-95.6700
-95.6700
-95.6740
-95.6740
-95.6480
-95.6480
-95.6480
-95.6480
-95.6740
-95.6740
-95.6950
-95.6950
-95.6990
-95.6990
-95.6740
-95.6740
-95.6740
-95.6740
-95.6990
-95.6990
-95.6950
-95.6950
-95.7250
-95.7250
-95.7250
-95.7250
-95.7250
-95.7250
-95.7230
-95.7230
-95.7500
-95.7500
-95.7460
-95.7460
-95.7250
-95.7250
-95.7460
-95.7460
-95.7500
-95.7500
-95.7970
-95.7970
-95.8240
-95.8240
-95.8240
-95.8240
-95.8240
-95.8240
-95.8240
-95.8240
-95.7750
-95.7750
-95.8010
-95.8010
-95.8010
-95.8010
-95.8240
-95.8240
-95.8240
-95.8240
-95.8710
-95.8710
-95.8240
-95.8240
-95.8240
-95.8500
-95.8500
-95.8750
-95.8750
-95.8500
-95.8500
-95.8750
-95.8750
-95.8750
-95.8750
-95.8480
-95.8480
-95.8710
-95.8710
-95.8750
-95.8750
-95.9000
-95.9000
-95.8010
-95.8010
-95.7500
-95.7500
-95.6740
-95.6740
-95.6000
-95.6000
-95.5490
-95.5490
-95.5230
-95.5230
-95.4980
-95.4980
-95.4240
-95.4240
-95.3500
-95.3500
-95.2730
-95.2730
-95.1970
-95.1970
-95.1230
-95.1230
-95.0490
-95.0490
-94.9730
-94.9730
-94.9240
-94.9240
-94.8480
-94.8480
-94.8240
-94.8240
-94.7990
-94.7990
-94.7230
-94.7230
-94.6480
-94.6480
-94.5980
-94.5980
-94.0960
-93.0960
-93.0960
-92.7190
-92.7190
-93.1450
-93.1450
-93.6700
-93.6700
-94.1930
-94.1930
-94.2700
-94.2700
-94.2700
-94.2700
-94.2710
-94.2710
-94.2460
-94.2460
-94.2210
-94.2210
-94.1680
-94.1680
-94.1970
-94.1970
-94.2210
-94.2210
-94.2210
-94.2210
-94.2710
-94.2710
-94.2710
-94.2710
-94.2970
-94.2970
-94.2930
-94.2930
-94.2460
-94.2460
-94.2210
-94.2210
-94.2210
-94.2210
-94.2210
-94.2210
-94.2460
-94.2460
-94.2460
-94.2460
-94.2460
-94.2460
-94.2460
-94.2460
-94.2460
-94.2460
-94.2460
-94.2460
-94.2190
-94.2190
-94.1970
-94.1970
-94.3480
-94.3480
-94.3960
-94.3960
-94.4450
-94.4450
-94.5720
-94.5720
-94.5210
-94.5210
-94.6230
-94.6230
-94.6230
-94.6230
-94.6480
-94.6480
-94.7730
-94.7730
-94.8240
-94.8240
-94.7730
-94.7730
-94.9240
-94.9240
-94.9710
-94.9710
-94.9240
-94.9240
-95.0230
-95.0230
-95.0720
-95.0720
-95.0980
-95.0980
-95.1740
-95.1740
-95.2460
-95.2460
-95.2990
-95.2990
-95.3500
-95.3500
-95.4240
-95.4240
-95.4710
-95.4710
-95.4750
-95.4750
-95.5490
-95.5490
-95.5740
-95.5740
-95.6000
-95.6000
-95.6700
-95.6700
-95.6990
-95.6990
-95.7230
-95.7230
-95.7750
-95.7750
-95.8010
-95.8010
-95.8500
-95.8500
-95.8500
-95.9260
-95.9260
-96.0000
-96.0000
-96.0250
-96.0250
-96.0490
-96.0490
-96.1000
-96.1000
-96.1250
-96.1250
-96.1460
-96.1460
-96.2010
-96.2010
-96.2230
-96.2230
-96.2500
-96.2500
-96.2750
-96.2750
-96.2710
-96.2710
-96.2750
-96.2750
-96.3220
-96.3220
-96.2970
-96.2970
-96.3010
-96.3010
-96.3260
-96.3260
-96.3220
-96.3220
-96.3500
-96.3500
-96.3500
-96.3500
-96.3260
-96.3260
-96.3730
-96.3730
-96.4000
-96.4000
-96.4000
-96.4000
-96.3980
-96.3980
-96.4220
-96.4220
-96.4000
-96.4000
-96.4220
-96.4220
-96.4260
-96.4260
-96.4750
-96.4750
-96.4260
-96.4260
-96.4470
-96.4470
-96.4750
-96.4750
-96.4750
-96.4750
-96.4980
-96.4980
-96.5510
-96.5510
-96.5250
-96.5250
-96.5000
-96.5000
-96.5250
-96.5250
-96.5470
-96.5470
-96.5720
-96.5720
-96.5760
-96.5760
-96.5510
-96.5510
-96.6020
-96.6020
-96.6500
-96.6500
-96.6740
-96.6740
-96.6500
-96.6500
-96.6500
-96.6500
-96.6230
-96.6230
-96.6500
-96.6500
-96.6500
-96.6500
-96.6480
-96.6480
-96.6230
-96.6230
-96.6500
-96.6500
-96.6740
-96.6740
-96.6760
-96.6760
-96.6990
-96.6990
-96.6760
-96.6760
-96.6760
-96.6760
-96.6760
-96.6760
-96.6500
-96.6500
-96.6480
-96.6480
-96.6500
-96.6500
-96.6250
-96.6250
-96.6230
-96.6230
-96.5720
-96.5720
-96.5980
-96.5980
-96.5760
-96.5760
-96.5250
-96.5250
-96.5000
-96.5000
-96.4730
-96.4730
-96.4470
-96.4470
-96.4260
-96.4260
-96.3980
-96.3980
-96.4000
-96.4000
-96.3980
-96.3980
-96.4000
-96.4000
-96.3730
-96.3730
-96.3750
-96.3750
-96.3730
-96.3730
-96.3730
-96.3730
-96.3730
-96.3730
-96.3750
-96.3750
-96.3500
-96.3500
-96.3220
-96.3220
-96.3730
-96.3730
-96.3750
-96.3750
-96.3750
-96.3750
-96.3480
-96.3480
-96.3730
-96.3730
-96.3480
-96.3480
-96.3480
-96.3480
-96.3500
-96.3500
-96.3480
-96.3480
-96.3220
-96.3220
-96.3220
-96.3220
-96.3480
-96.3480
-96.3500
-96.3500
-96.3500
-96.3500
-96.3220
-96.3220
-96.3220
-96.3220
-96.3260
-96.3260
-96.3220
-96.3220
-96.3260
-96.3260
-96.3260
-96.3260
-96.3260
-96.3260
-96.3260
-96.3260
-96.3260
-96.3260
-96.3010
-96.3010
-96.3500
-96.3500
-96.3500
-96.3500
-96.3480
-96.3480
-96.3500
-96.3500
-96.2970
-96.2970
-96.3220
-96.3220
-96.2970
-96.2970
-96.2750
-96.2750
-96.2970
-96.2970
-96.2710
-96.2710
-96.2750
-96.2750
-96.2710
-96.2710
-96.3010
-96.3010
-96.2970
-96.2970
-96.2710
-96.2710
-96.2710
-96.2710
-96.2710
-96.2710
-96.2970
-96.2970
-96.2750
-96.2750
-96.2480
-96.2480
-96.2010
-96.2010
-96.1250
-96.1250
-96.0470
-96.0470
-95.9470
-95.9470
-95.9260
-95.9260
-95.9000
-95.9000
-95.8750
-95.8750
-95.8710
-95.8710
-95.8710
-95.8710
-95.8710
-95.8710
-95.8710
-95.8710
-95.8710
-95.8710
-95.8960
-95.8960
-95.8710
-95.8710
-95.8960
-95.8960
-95.8960
-95.8960
-95.8480
-95.8480
-95.8500
-95.8500
-95.8220
-95.8220
-95.8240
-95.8240
-95.8010
-95.8010
-95.7750
-95.7750
-95.8010
-95.8010
-95.7750
-95.7750
-95.7710
-95.7710
-95.7500
-95.7500
-95.7500
-95.7500
-95.7750
-95.7750
-95.7250
-95.7250
-95.7710
-95.7710
-95.7500
-95.7500
-95.7230
-95.7230
-95.7460
-95.7460
-95.7710
-95.7710
-95.7710
-95.7710
-95.7710
-95.7500
-95.7500
-95.7460
-95.7460
-95.7230
-95.7230
-95.7250
-95.7250
-95.6990
-95.6990
-95.5960
-95.5960
-95.4960
-95.4960
-95.4490
-95.4490
-95.4450
-95.4450
-95.4220
-95.4220
-95.4220
-95.4220
-95.4240
-95.4240
-95.3960
-95.3960
-95.3200
-95.3200
-95.2700
-95.2700
-95.2500
-95.2500
-95.2230
-95.2230
-95.1950
-95.1950
-95.1520
-95.1520
-95.1740
-95.1740
-95.1740
-95.1740
-95.1740
-95.1740
-95.1450
-95.1450
-95.1700
-95.1700
-95.1700
-95.1700
-95.1740
-95.1740
-95.1700
-95.1700
-95.1700
-95.1700
-95.1450
-95.1450
-95.1020
-95.1020
-95.0960
-95.0960
-95.0720
-95.0720
-95.0720
-95.0720
-95.0700
-95.0700
-95.0450
-95.0450
-95.0200
-95.0200
-95.0450
-95.0450
-95.0000
-95.0000
-95.0230
-95.0230
-95.0450
-95.0450
-95.0200
-95.0200
-95.0700
-95.0700
-95.0700
-95.0700
-95.0450
-95.0450
-95.0720
-95.0720
-95.0490
-95.0490
-95.0230
-95.0230
-95.0490
-95.0490
-95.0450
-95.0450
-95.0450
-95.0450
-95.0230
-95.0230
-94.9980
-94.9980
-94.9750
-94.9750
-94.9980
-94.9980
-94.9980
-94.9980
-94.9750
-94.9750
-94.9710
-94.9710
-94.9730
-94.9730
-94.9730
-94.9730
-94.9940
-94.9940
-94.9710
-94.9710
-94.9710
-94.9710
-94.9710
-94.9710
-94.9240
-94.9240
-94.9490
-94.9490
-94.9490
-94.9490
-94.9240
-94.9240
-94.9240
-94.9240
-94.8980
-94.8980
-94.8950
-94.8950
-94.9200
-94.9200
-94.9490
-94.9490
-94.8980
-94.8980
-94.8710
-94.8710
-94.9240
-94.9240
-94.9240
-94.9240
-94.9240
-94.9240
-94.9240
-94.9240
-94.9240
-94.9240
-94.9200
-94.9200
-94.8950
-94.8950
-94.8710
-94.8710
-94.8710
-94.8710
-94.8710
-94.8710
-94.8950
-94.8950
-94.8950
-94.8950
-94.9240
-94.9240
-94.9200
-94.9200
-94.9200
-94.9200
-94.9240
-94.9240
-94.9200
-94.9200
-94.8980
-94.8980
-94.9240
-94.9240
-94.8950
-94.8950
-94.8980
-94.8980
-94.8980
-94.8980
-94.8950
-94.8950
-94.9450
-94.9450
-95.0200
-95.0200
-95.1450
-95.1450
-95.2210
-95.2210
-95.2210
-95.2210
-95.2700
-95.2700
-95.2730
-95.2730
-95.2990
-95.2990
-95.2950
-95.2950
-95.2950
-95.2950
-95.2950
-95.2950
-95.2950
-95.2950
-95.2950
-95.2950
-95.3240
-95.3240
-95.2730
-95.2730
-95.2730
-95.2730
-95.2460
-95.2460
-95.2500
-95.2500
-95.2730
-95.2730
-95.2700
-95.2700
-95.2700
-95.2700
-95.2990
-95.2990
-95.2990
-95.2990
-95.2730
-95.2730
-95.2730
-95.2730
-95.2500
-95.2500
-95.2500
-95.2500
-95.2500
-95.2500
-95.2500
-95.2500
-95.2950
-95.2950
-95.2700
-95.2700
-95.2990
-95.2990
-95.3240
-95.3240
-95.2950
-95.2950
-95.2990
-95.2990
-95.2730
-95.2730
-95.2700
-95.2700
-95.2500
-95.2500
-95.2700
-95.2700
-95.2700
-95.2700
-95.2700
-95.2700
-95.2950
-95.2950
-95.2990
-95.2990
-95.3460
-95.3460
-95.4490
-95.4490
-95.4980
-95.4980
-95.4980
-95.4980
-95.5230
-95.5230
-95.5740
-95.5740
-95.5740
-95.5740
-95.5700
-95.5700
-95.5960
-95.5960
-95.6210
-95.6210
-95.6700
-95.6700
-95.6480
-95.6480
-95.6460
-95.6460
-95.6740
-95.6740
-95.6480
-95.6480
-95.6480
-95.6480
-95.6210
-95.6210
-95.6740
-95.6740
-95.6740
-95.6740
-95.6740
-95.6250
-95.6250
-95.6460
-95.6460
-95.6250
-95.6250
-95.6210
-95.6210
-95.6210
-95.6210
-95.6460
-95.6460
-95.6250
-95.6250
-95.6480
-95.6480
-95.6480
-95.6480
-95.6210
-95.6210
-95.6480
-95.6480
-95.6460
-95.6460
-95.6480
-95.6480
-95.6460
-95.6460
-95.6250
-95.6250
-95.6000
-95.6000
-95.5700
-95.5700
-95.5960
-95.5960
-95.6480
-95.6480
-95.6210
-95.6210
-95.6250
-95.6250
-95.6460
-95.6460
-95.6460
-95.6460
-95.6210
-95.6210
-95.6210
-95.6210
-95.6250
-95.6250
-95.6210
-95.6210
-95.6250
-95.6250
-95.6000
-95.6000
-95.5960
-95.5960
-95.6000
-95.6000
-95.5960
-95.5960
-95.5960
-95.5960
-95.5960
-95.5960
-95.5960
-95.5960
-95.5960
-95.5960
-95.5960
-95.5960
-95.6000
-95.6000
-95.5740
-95.5740
-95.5740
-95.5740
-95.5740
-95.5740
-95.5740
-95.5740
-95.5470
-95.5470
-95.5740
-95.5740
-95.6000
-95.6000
-95.5740
-95.5740
-95.5470
-95.5470
-95.5700
-95.5700
-95.5470
-95.5470
-95.5490
-95.5490
-95.5740
-95.5740
-95.5700
-95.5700
-95.5960
-95.5960
-95.5700
-95.5700
-95.5700
-95.5700
-95.6000
-95.6000
-95.5960
-95.5960
-95.5960
-95.5960
-95.5960
-95.5960
-95.5740
-95.5740
-95.5740
-95.5740
-95.5960
-95.5960
-95.5960
-95.5960
-95.6000
-95.6000
-95.5740
-95.5740
-95.5960
-95.5960
-95.5700
-95.5700
-95.5960
-95.5960
-95.5700
-95.5700
-95.5740
-95.5740
-95.5740
-95.5740
-95.5700
-95.5700
-95.5700
-95.5700
-95.5700
-95.5700
-95.5700
-95.5700
-95.5700
-95.5700
-95.5700
-95.5700
-95.5700
-95.5700
-95.5490
-95.5490
-95.5470
-95.5470
-95.5490
-95.5490
-95.5490
-95.5490
-95.5470
-95.5470
-95.5470
-95.5470
-95.5470
-95.5470
-95.5210
-95.5210
-95.5490
-95.5490
-95.5470
-95.5470
-95.5230
-95.5230
-95.5210
-95.5210
-95.4960
-95.4960
-95.5230
-95.5230
-95.5210
-95.5210
-95.5490
-95.5490
-95.5210
-95.5210
-95.5210
-95.5210
-95.5470
-95.5470
-95.5470
-95.5470
-95.5230
-95.5230
-95.5230
-95.5230
-95.5210
-95.5210
-95.5470
-95.5470
-95.5230
-95.5230
-95.5230
-95.5230
-95.4960
-95.4960
-95.4960
-95.4960
-95.4710
-95.4710
-95.4980
-95.4980
-95.4960
-95.4960
-95.4980
-95.4980
-95.4980
-95.4980
-95.4960
-95.4960
-95.4710
-95.4710
-95.4710
-95.4710
-95.4710
-95.4710
-95.4750
-95.4750
-95.4710
-95.4710
-95.4450
-95.4450
-95.4710
-95.4710
-95.4220
-95.4220
-95.4220
-95.4220
-95.4450
-95.4450
-95.4750
-95.4750
-95.4750
-95.4750
-95.4980
-95.4980
-95.4710
-95.4710
-95.4750
-95.4750
-95.4960
-95.4960
-95.4960
-95.4960
-95.4960
-95.4960
-95.4750
-95.4750
-95.4960
-95.4960
-95.4980
-95.4980
-95.5230
-95.5230
-95.4960
-95.4960
-95.4980
-95.4980
-95.4980
-95.4980
-95.4960
-95.4960
-95.4980
-95.4980
-95.4960
-95.4960
-95.4960
-95.4960
-95.4980
-95.4980
-95.4960
-95.4960
-95.4980
-95.4980
-95.4750
-95.4750
-95.4450
-95.4450
-95.4750
-95.4750
-95.4710
-95.4710
-95.4960
-95.4960
-95.4450
-95.4450
-95.4450
-95.4450
-95.4450
-95.4450
-95.4750
-95.4750
-95.5210
-95.5210
-95.4960
-95.4960
-95.4960
-95.4960
-95.4960
-95.4960
-95.4710
-95.4710
-95.4710
-95.4710
-95.4960
-95.4960
-95.5210
-95.5210
-95.4980
-95.4980
-95.4980
-95.4710
-95.4710
-95.4750
-95.4750
-95.4710
-95.4710
-95.4240
-95.4240
-95.4710
-95.4710
-95.4710
-95.4710
-95.4960
-95.4960
-95.4750
-95.4750
-95.4710
-95.4710
-95.4710
-95.4710
-95.4980
-95.4980
-95.4980
-95.4980
-95.4960
-95.4960
-95.4960
-95.4960
-95.4710
-95.4710
-95.4710
-95.4710
-95.4710
-95.4710
-95.4960
-95.4960
-95.4750
-95.4750
-95.4750
-95.4750
-95.4450
-95.4450
-95.4450
-95.4450
-95.4260
-95.4260
-95.4240
-95.4240
-95.4450
-95.4450
-95.4240
-95.4240
-95.4450
-95.4450
-95.4450
-95.4450
-95.4750
-95.4750
-95.4750
-95.4750
-95.4960
-95.4960
-95.4980
-95.4980
-95.4750
-95.4750
-95.4750
-95.4750
-95.4750
-95.4750
-95.4490
-95.4490
-95.4960
-95.4960
-95.4710
-95.4710
-95.4750
-95.4750
-95.4750
-95.4750
-95.4710
-95.4710
-95.4240
-95.4240
-95.4710
-95.4710
-95.4750
-95.4750
-95.4490
-95.4490
-95.4490
-95.4490
-95.4710
-95.4710
-95.4710
-95.4710
-95.4750
-95.4750
-95.4710
-95.4710
-95.4710
-95.4710
-95.4710
-95.4710
-95.4510
-95.4510
-95.4770
-95.4770
-95.4510
-95.4510
-95.4450
-95.4450
-95.4450
-95.4450
-95.4450
-95.4450
-95.4220
-95.4220
-95.4240
-95.4240
-95.3960
-95.3960
-95.3730
-95.3730
-95.4450
-95.4450
-95.4240
-95.4240
-95.4710
-95.4710
-95.4490
-95.4490
-95.4450
-95.4450
-95.4240
-95.4240
-95.4240
-95.4240
-95.3960
-95.3960
-95.3980
-95.3980
-95.3960
-95.3960
-95.4220
-95.4220
-95.4220
-95.4220
-95.4510
-95.4510
-95.4750
-95.4750
-95.4490
-95.4490
-95.4710
-95.4710
-95.4000
-95.4000
-95.4000
-95.4000
-95.4450
-95.4450
-95.4510
-95.4510
-95.4710
-95.4710
-95.4710
-95.4710
-95.4750
-95.4750
-95.4710
-95.4710
-95.4260
-95.4260
-95.4450
-95.4450
-95.3460
-95.3460
-95.2700
-95.2700
-95.2230
-95.2230
-95.1950
-95.1950
-95.0490
-95.0490
-94.9710
-94.9710
-94.8730
-94.8730
-94.4940
-94.4940
-94.4470
-94.4470
-94.6700
-94.6700
-94.7440
-94.7440
-94.6720
-94.6720
-94.6720
-94.6720
-94.6720
-94.6720
-94.6970
-94.6970
-94.7010
-94.7010
-94.7190
-94.7190
-94.7700
-94.7700
-94.7700
-94.7700
-94.7950
-94.7950
-94.7730
-94.7730
-94.7730
-94.7730
-94.7480
-94.7480
-94.7190
-94.7190
-94.6970
-94.6970
-94.6970
-94.6970
-94.6930
-94.6930
-94.6480
-94.6480
-94.6230
-94.6230
-94.6480
-94.6480
-94.6720
-94.6720
-94.6480
-94.6480
-94.6720
-94.6720
-94.6720
-94.6720
-94.6970
-94.6970
-94.6480
-94.6480
-94.6700
-94.6700
-94.6700
-94.6700
-94.6480
-94.6480
-94.6480
-94.6480
-94.6480
-94.6480
-94.5720
-94.5720
-94.4730
-94.4730
-94.4220
-94.4220
-94.3730
-94.3730
-94.3960
-94.3960
-94.3440
-94.3440
-94.2930
-94.2930
-94.2440
-94.2440
-94.1720
-94.1720
-94.0960
-94.0960
-94.0470
-94.0470
-93.9960
-93.9960
-93.9220
-93.9220
-93.9220
-93.9220
-93.8930
-93.8930
-93.8960
-93.8960
-93.8980
-93.8980
-93.8960
-93.8960
-93.9180
-93.9180
-93.8980
-93.8980
-93.8500
-93.8500
-93.8440
-93.8440
-93.8240
-93.8240
-93.8200
-93.8200
-93.8460
-93.8460
-93.8460
-93.8460
-93.8440
-93.8440
-93.6680
-93.6680
-93.4960
-93.4960
-93.3460
-93.3460
-93.2440
-93.2440
-93.1970
-93.1970
-93.1970
-93.1210
-93.1210
-93.0960
-93.0960
-93.0700
-93.0700
-92.9940
-92.9940
-92.9980
-92.9980
-92.9710
-92.9710
-92.8440
-92.8440
-92.8670
-92.8670
-92.8440
-92.8440
-92.9200
-92.9200
-92.8960
-92.8960
-92.8910
-92.8910
-92.7950
-92.7950
-92.7440
-92.7440
-92.6970
-92.6970
-92.6910
-92.6910
-92.5940
-92.5940
-92.5680
-92.5680
-92.5450
-92.5450
-92.6450
-92.6450
-92.7400
-92.7400
-92.7660
-92.7660
-92.8200
-92.8200
-92.7950
-92.7950
-92.8670
-92.8670
-92.7950
-92.7950
-92.8420
-92.8420
-92.8200
-92.8200
-92.8160
-92.8160
-92.8200
-92.8200
-92.8440
-92.8440
-92.8950
-92.8950
-92.8440
-92.8440
-92.8910
-92.8910
-92.8440
-92.8440
-92.8440
-92.8440
-92.7970
-92.7970
-92.7950
-92.7950
-92.7190
-92.7190
-92.8440
-92.8440
-92.8960
-92.8960
-92.9410
-92.9410
-92.9940
-92.9940
-93.0700
-93.0700
-93.1170
-93.1170
-93.1950
-93.1950
-93.2210
-93.2210
-93.2700
-93.2700
-93.3240
-93.3240
-93.3480
-93.3480
-93.4220
-93.4220
-93.4960
-93.4960
-93.6170
-93.6170
-93.6950
-93.6950
-93.7460
-93.7460
-93.7460
-93.7460
-93.7970
-93.7970
-93.8500
-93.8500
-93.8960
-93.8960
-93.9220
-93.9220
-93.9220
-93.9220
-93.9220
-93.9220
-93.9220
-93.9220
-93.8930
-93.8930
-93.8710
-93.8710
-93.8750
-93.8750
-93.9220
-93.9220
-93.9220
-93.9220
-93.9690
-93.9690
-93.9430
-93.9430
-93.9220
-93.9220
-93.9470
-93.9470
-93.9220
-93.9220
-93.9220
-93.9220
-93.9220
-93.9220
-93.8930
-93.8930
-93.9220
-93.9220
-93.8960
-93.8960
-93.9220
-93.9220
-93.8710
-93.8710
-93.9430
-93.9430
-93.9470
-93.9470
-93.9470
-93.9470
-94.1000
-94.1000
-94.2460
-94.2460
-94.2970
-94.2970
-94.4690
-94.4690
-94.4730
-94.4730
-94.5700
-94.5700
-94.5470
-94.5470
-94.5940
-94.5940
-94.6230
-94.6230
-94.5980
-94.5980
-94.5720
-94.5720
-94.5760
-94.5760
-94.5470
-94.5470
-94.5470
-94.5470
-94.5940
-94.5940
-94.5470
-94.5470
-94.5700
-94.5700
-94.5210
-94.5210
-94.5720
-94.5720
-94.5470
-94.5470
-94.6450
-94.6450
-94.6480
-94.6480
-94.5470
-94.5470
-94.6930
-94.6930
-94.6970
-94.6970
-94.6720
-94.6720
-94.6480
-94.6480
-94.6720
-94.6720
-94.6230
-94.6230
-94.6450
-94.6450
-94.6480
-94.6480
-94.6230
-94.6230
-94.6720
-94.6720
-94.6970
-94.6970
-94.6970
-94.6970
-94.6720
-94.6720
-94.6760
-94.6760
-94.6480
-94.6480
-94.6970
-94.6970
-94.6970
-94.6970
-94.6970
-94.6970
-94.7230
-94.7230
-94.7230
-94.7230
-94.7480
-94.7480
-94.7230
-94.7230
-94.7230
-94.7230
-94.7230
-94.7230
-94.7230
-94.7230
-94.7270
-94.7270
-94.7230
-94.7230
-94.6970
-94.6970
-94.6720
-94.6720
-94.6970
-94.6970
-94.7190
-94.7190
-94.7950
-94.7950
-94.7500
-94.7500
-94.7950
-94.7950
-94.7950
-94.7950
-94.7730
-94.7730
-94.7950
-94.7950
-94.7730
-94.7730
-94.7950
-94.7950
-94.7990
-94.7990
-94.7990
-94.7990
-94.7500
-94.7500
-94.7230
-94.7230
-94.7230
-94.7230
-94.7990
-94.7990
-94.8010
-94.8010
-94.7990
-94.7990
-94.8010
-94.8010
-94.7990
-94.7990
-94.8480
-94.8480
-94.9490
-94.9490
-95.0450
-95.0450
-95.0960
-95.0960
-95.0960
-95.1480
-95.1480
-95.1740
-95.1740
-95.2500
-95.2500
-95.2460
-95.2460
-95.2500
-95.2500
-95.2500
-95.2500
-95.2500
-95.2500
-95.1740
-95.1740
-95.1970
-95.1970
-95.1970
-95.1970
-95.2520
-95.2520
-95.2700
-95.2700
-95.2730
-95.2730
-95.2990
-95.2990
-95.3200
-95.3200
-95.3200
-95.3200
-95.3240
-95.3240
-95.3500
-95.3500
-95.3500
-95.3500
-95.3240
-95.3240
-95.3500
-95.3500
-95.3520
-95.3520
-95.3500
-95.3500
-95.3500
-95.3500
-95.3730
-95.3730
-95.3730
-95.3730
-95.3980
-95.3980
-95.3980
-95.3980
-95.3960
-95.3960
-95.3730
-95.3730
-95.3980
-95.3980
-95.4240
-95.4240
-95.4450
-95.4450
-95.4490
-95.4490
-95.4220
-95.4220
-95.3980
-95.3980
-95.3730
-95.3730
-95.3730
-95.3730
-95.3960
-95.3960
-95.3980
-95.3980
-95.4220
-95.4220
-95.4240
-95.4240
-95.4220
-95.4220
-95.4450
-95.4450
-95.3980
-95.3980
-95.4220
-95.4220
-95.4240
-95.4240
-95.4220
-95.4220
-95.3730
-95.3730
-95.3730
-95.3730
-95.3960
-95.3960
-95.4220
-95.4220
-95.3730
-95.3730
-95.4450
-95.4450
-95.4510
-95.4510
-95.4960
-95.4960
-95.4750
-95.4750
-95.4510
-95.4510
-95.4490
-95.4490
-95.4490
-95.4490
-95.4450
-95.4450
-95.4240
-95.4240
-95.4710
-95.4710
-95.4980
-95.4980
-95.4980
-95.4980
-95.5210
-95.5210
-95.4980
-95.4980
-95.5230
-95.5230
-95.5530
-95.5530
-95.5700
-95.5700
-95.5470
-95.5470
-95.4980
-95.4980
-95.5700
-95.5700
-95.6210
-95.6210
-95.6250
-95.6250
-95.6020
-95.6020
-95.6000
-95.6000
-95.6700
-95.6700
-95.6250
-95.6250
-95.6250
-95.6250
-95.6700
-95.6700
-95.6250
-95.6250
-95.6250
-95.6250
-95.5960
-95.5960
-95.5740
-95.5740
-95.6000
-95.6000
-95.6520
-95.6520
-95.6460
-95.6460
-95.6250
-95.6250
-95.6700
-95.6700
-95.6700
-95.6700
-95.6250
-95.6250
-95.6460
-95.6460
-95.6250
-95.6250
-95.6000
-95.6000
-95.6000
-95.6000
-95.6250
-95.6250
-95.6700
-95.6700
-95.6480
-95.6480
-95.6000
-95.6000
-95.6480
-95.6480
-95.6250
-95.6250
-95.6740
-95.6740
-95.6740
-95.6740
-95.6990
-95.6990
-95.7270
-95.7270
-95.7970
-95.7970
-95.7970
-95.7970
-95.8220
-95.8220
-95.8710
-95.8710
-95.8710
-95.8710
-95.8500
-95.8500
-95.8710
-95.8710
-95.8960
-95.8960
-95.8960
-95.8960
-95.8960
-95.8960
-95.8960
-95.8960
-95.9000
-95.9000
-95.8960
-95.8960
-95.8770
-95.8770
-95.8960
-95.8960
-95.8750
-95.8750
-95.9000
-95.9000
-95.9000
-95.9000
-95.9000
-95.9000
-95.8750
-95.8750
-95.8960
-95.8960
-95.8500
-95.8500
-95.8710
-95.8710
-95.8010
-95.8010
-95.7750
-95.7750
-95.8010
-95.8010
-95.7750
-95.7750
-95.7750
-95.7750
-95.7750
-95.7750
-95.7750
-95.7750
-95.7750
-95.7750
-95.8240
-95.8240
-95.8240
-95.8240
-95.8240
-95.8240
-95.9470
-95.9470
-95.9490
-95.9490
-95.9490
-95.9490
-96.0000
-96.0000
-96.0250
-96.0250
-96.0740
-96.0740
-96.1000
-96.1000
-96.1720
-96.1720
-96.1780
-96.1780
-96.2010
-96.2010
-96.2010
-96.2010
-96.2500
-96.2500
-96.2750
-96.2750
-96.3010
-96.3010
-96.3480
-96.3480
-96.3500
-96.3500
-96.3750
-96.3750
-96.4220
-96.4220
-96.3980
-96.3980
-96.3980
-96.3980
-96.4000
-96.4000
-96.4000
-96.4000
-96.4000
-96.4000
-96.4000
-96.4000
-96.4000
-96.4260
-96.4260
-96.4470
-96.4470
-96.4260
-96.4260
-96.4470
-96.4470
-96.4260
-96.4260
-96.4510
-96.4510
-96.4750
-96.4750
-96.4510
-96.4510
-96.4980
-96.4980
-96.4980
-96.4980
-96.4750
-96.4750
-96.4750
-96.4750
-96.4510
-96.4510
