111.8850
111.8630
111.8630
111.8480
111.8480
111.8280
111.8280
111.8930
111.8930
111.7700
111.7700
111.8030
111.8030
111.7170
111.7170
111.6290
111.6290
111.5390
111.5390
111.5390
111.5370
111.4670
111.4670
111.4670
111.3300
111.3300
111.3010
111.3010
111.2500
111.2500
111.1720
111.1720
111.1130
111.1130
110.9960
110.9960
110.9790
110.9790
110.8360
110.8360
110.7910
110.7910
110.7810
110.7810
110.7030
110.7030
110.7010
110.7010
110.7190
110.7190
110.6580
110.6580
110.6540
110.6540
110.5980
110.5980
110.6660
110.6660
110.5310
110.5310
110.5080
110.5080
110.5610
110.5610
110.5450
110.5450
110.4470
110.4470
110.4690
110.4690
110.5290
110.5290
110.5060
110.5060
110.5060
110.5060
110.4960
110.4960
110.4790
110.4790
110.4710
110.4710
110.4650
110.4650
110.4180
110.4180
110.4060
110.4060
110.4410
110.4410
110.4410
110.4410
110.3670
110.3670
110.3650
110.3650
110.3520
110.3520
110.3650
110.3650
110.2790
110.2790
110.2770
110.2770
110.2320
110.2320
110.2300
110.2300
110.2030
110.2030
110.2320
110.2320
110.2320
110.2320
110.2130
110.2130
110.0680
110.0680
110.0550
110.0550
109.9940
109.9940
109.9000
109.9000
109.8360
109.8360
109.8050
109.8050
109.8220
109.8220
109.9180
109.9180
109.9180
109.9180
110.0200
110.0200
110.0100
110.0100
110.1430
110.1430
110.2070
110.2070
110.3140
110.3140
110.3670
110.3670
110.3570
110.3570
110.4530
110.4530
110.4920
110.4920
110.5510
110.5510
110.6000
110.6000
110.6020
110.6020
110.6070
110.6070
110.6840
110.6840
110.6310
110.6310
110.6680
110.6680
110.6460
110.6460
110.6580
110.6580
110.6760
110.6760
110.7420
110.7420
110.6860
110.6860
110.7110
110.7110
110.6390
110.6390
110.6840
110.6840
110.7050
110.7050
110.7050
110.6880
110.6880
110.6740
110.6740
110.6450
110.6450
110.6780
110.6780
110.6970
110.6970
110.6170
110.6170
110.6290
110.6290
110.6780
110.6780
110.6460
110.6460
110.6680
110.6680
110.7010
110.7010
110.7300
110.7300
110.7440
110.7440
110.7050
110.7050
110.7560
110.7560
110.6840
110.6840
110.7170
110.7170
110.6800
110.6800
110.6700
110.6700
110.6720
110.6720
110.6890
110.6890
110.6480
110.6480
110.6330
110.6330
110.6250
110.6250
110.5940
110.5940
110.6310
110.6310
110.5940
110.5940
110.5210
110.5210
110.5310
110.5310
110.5270
110.5270
110.5060
110.5060
110.5290
110.5290
110.5680
110.5680
110.6130
110.6130
110.5980
110.5980
110.6190
110.6190
110.6520
110.6520
110.6540
110.6540
110.6740
110.6740
110.6930
110.6930
110.7010
110.7010
110.7170
110.7170
110.7600
110.7600
110.8380
110.8380
110.8630
110.8630
110.9650
110.9650
111.0640
111.0640
111.2170
111.2170
111.3420
111.3420
111.4610
111.4610
111.4650
111.4650
111.6290
111.6290
111.6680
111.6680
111.8010
111.8010
111.8980
111.8980
111.9570
111.9570
112.0900
112.0900
112.1040
112.1040
112.1310
112.1310
112.1660
112.1660
112.3050
112.3050
112.3890
112.3890
112.3870
112.3870
112.4690
112.4690
112.5630
112.5630
112.5940
112.5940
112.6600
112.6600
112.6950
112.6950
112.7460
112.7460
112.7560
112.7560
112.8110
112.8110
112.8440
112.8440
112.9140
112.9140
112.9840
112.9840
113.0040
113.0040
113.0270
113.0270
113.0210
113.0210
113.1430
113.1430
113.2290
113.2290
113.2290
113.2620
113.2620
113.3750
113.3750
113.5160
113.5160
113.5570
113.5570
113.5940
113.5940
113.6930
113.6930
113.7150
113.7150
113.7810
113.7810
113.8200
113.8200
113.8590
113.8590
113.8670
113.8670
113.8300
113.8300
113.8400
113.8400
113.8340
113.8340
113.8930
113.8930
113.9000
113.9000
113.9510
113.9510
113.9040
113.9040
113.9240
113.9240
113.9160
113.9160
113.8910
113.8910
113.9180
113.9180
113.9040
113.9040
113.8870
113.8870
113.9650
113.9650
113.9060
113.9060
113.9670
113.9670
113.8590
113.8590
113.9320
113.9320
113.7660
113.7660
113.5390
113.5390
113.4960
113.4960
113.5310
113.5310
113.5430
113.5430
113.7770
113.7770
113.7580
113.7580
113.7400
113.7400
113.7520
113.7520
113.7110
113.7110
113.7420
113.7420
113.5310
113.5310
113.5060
113.5060
113.4160
113.4160
113.3890
113.3890
113.3110
113.3110
113.2640
113.2640
113.2130
113.2130
113.2400
113.2400
113.1500
113.1500
113.1760
113.1760
113.0640
113.0640
113.1310
113.1310
113.0960
113.0960
113.1270
113.1270
113.1130
113.1130
113.1450
113.1450
113.1450
113.1450
113.1450
113.1450
113.2930
113.2930
113.3180
113.3180
113.4100
113.4100
113.4570
113.4570
113.3980
113.3980
113.4790
113.4790
113.4380
113.4380
113.4260
113.4260
113.5270
113.5270
113.5940
113.5940
113.5980
113.5980
113.6070
113.6070
113.6250
113.6250
113.7300
113.7300
113.7210
113.7210
113.6970
113.6970
113.7680
113.7680
113.8480
113.8480
113.8460
113.8460
113.9340
113.9340
113.9320
113.9320
114.0390
114.0390
114.0390
113.9710
113.9710
114.0410
114.0410
114.1000
114.1000
114.0980
114.0980
114.1310
114.1310
114.2270
114.2270
114.1760
114.1760
114.2250
114.2250
114.2250
114.2250
114.2420
114.2420
114.2540
114.2540
114.2620
114.2620
114.2620
114.2620
114.2660
114.2660
114.2700
114.2700
114.1880
114.1880
114.2150
114.2150
114.2010
114.2010
114.1860
114.1860
114.1780
114.1780
114.1640
114.1640
114.1620
114.1620
114.1800
114.1800
114.1540
114.1540
114.1760
114.1760
114.1720
114.1720
114.0660
114.0660
114.0210
114.0210
114.0680
114.0680
113.9980
113.9980
113.9880
113.9880
114.0080
114.0080
113.9940
113.9940
113.9100
113.9100
113.9340
113.9340
113.9510
113.9510
113.9200
113.9200
113.9530
113.9530
113.9220
113.9220
114.0000
114.0000
113.9790
113.9790
113.9750
113.9750
114.0270
114.0270
113.9840
113.9840
114.0740
114.0740
114.1070
114.1070
114.1390
114.1390
114.1680
114.1680
114.1390
114.1390
114.1620
114.1620
114.2300
114.2300
114.2230
114.2230
114.3030
114.3030
114.3480
114.3480
114.4630
114.4630
114.4000
114.4000
114.4390
114.4390
114.4860
114.4860
114.4470
114.4470
114.4510
114.4510
114.5310
114.5310
114.3950
114.3950
114.4240
114.4240
114.4260
114.4260
114.4100
114.4100
114.4000
114.4000
114.4200
114.4200
114.3610
114.3610
114.3540
114.3540
114.2990
114.2990
114.2560
114.2560
114.2520
114.2520
114.2050
114.2050
114.2210
114.2210
114.1860
114.1860
114.0940
114.0940
114.0060
114.0060
114.0720
114.0720
113.9120
113.9120
113.8910
113.8910
113.8420
113.8420
113.8420
113.8030
113.8030
113.8220
113.8220
113.9020
113.9020
113.8420
113.8420
113.9590
113.9590
113.9060
113.9060
113.9180
113.9180
113.7970
113.7970
113.7970
113.7970
113.8960
113.8960
113.8930
113.8930
113.9000
113.9000
113.8500
113.8500
113.9020
113.9020
113.9180
113.9180
113.8810
113.8810
113.8610
113.8610
113.8790
113.8790
113.9220
113.9220
113.8950
113.8950
113.8830
113.8830
113.9340
113.9340
113.9260
113.9260
113.8770
113.8770
113.9320
113.9320
113.9670
113.9670
113.9530
113.9530
113.8770
113.8770
113.8520
113.8520
113.9000
113.9000
113.8590
113.8590
113.8690
113.8690
113.8130
113.8130
113.8240
113.8240
113.8340
113.8340
113.8850
113.8850
113.9060
113.9060
113.9220
113.9220
113.9530
113.9530
114.0640
114.0640
114.1230
114.1230
114.0980
114.0980
114.1640
114.1640
114.2560
114.2560
114.3630
114.3630
114.5140
114.5140
114.4960
114.4960
114.6500
114.6500
114.7440
114.7440
114.8550
114.8550
114.9610
114.9610
115.0900
115.0900
115.2290
115.2290
115.3160
115.3160
115.4280
115.4280
115.6330
115.6330
115.7790
115.7790
115.9140
115.9140
115.9590
115.9590
116.0200
116.0200
116.0200
116.0200
116.2170
116.2170
116.3460
116.3460
116.5210
116.5210
116.7010
116.7010
116.7270
116.7270
116.9610
116.9610
117.1090
117.1090
117.2970
117.2970
117.3930
117.3930
117.6040
117.6040
117.9340
117.9340
118.1820
118.1820
118.4550
118.4550
118.6740
118.6740
118.9770
118.9770
119.1110
119.1110
119.2660
119.2660
119.3670
119.3670
119.4800
119.4800
119.4800
119.5470
119.5470
119.6660
119.6660
119.7440
119.7440
119.8280
119.8280
119.8670
119.8670
119.8180
119.8180
119.8980
119.8980
119.8960
119.8960
119.8610
119.8610
119.7710
119.7710
119.7600
119.7600
119.7090
119.7090
119.7680
119.7680
119.6880
119.6880
119.6070
119.6070
119.6000
119.6000
119.5510
119.5510
119.6540
119.6540
119.7620
119.7620
119.7270
119.7270
119.6950
119.6950
119.6720
119.6720
119.5800
119.5800
119.5800
119.5800
119.5330
119.5330
119.4280
119.4280
119.3500
119.3500
119.2680
119.2680
119.1500
119.1500
118.9690
118.9690
118.7810
118.7810
118.5700
118.5700
118.4380
118.4380
118.2790
118.2790
118.0550
118.0550
117.7790
117.7790
117.6150
117.6150
117.4450
117.4450
117.2030
117.2030
116.9360
116.9360
116.7170
116.7170
116.5140
116.5140
116.3650
116.3650
116.1950
116.1950
116.0450
116.0450
115.9240
115.9240
115.8710
115.8710
115.8130
115.8130
115.7230
115.7230
115.7640
115.7640
115.7440
115.7440
115.7540
115.7540
115.7970
115.7970
115.8030
115.8030
115.8500
115.8500
115.8690
115.8690
115.8010
115.8010
115.8010
115.8010
115.7680
115.7680
115.6560
115.6560
115.5680
115.5680
115.5660
115.5660
115.4730
115.4730
115.3690
115.3690
115.3030
115.3030
115.2170
115.2170
115.0430
115.0430
115.0860
115.0860
115.0080
115.0080
114.8930
114.8930
114.8770
114.8770
114.7070
114.7070
114.6070
114.6070
114.4610
114.4610
114.2890
114.2890
114.1990
114.1990
113.9060
113.9060
113.8770
113.8770
113.7360
113.7360
113.7360
113.5720
113.5720
113.3630
113.3630
113.2420
113.2420
113.2340
113.2340
113.1660
113.1660
113.1680
113.1680
113.1640
113.1640
113.1840
113.1840
113.0640
113.0640
113.0180
113.0180
112.9430
112.9430
112.8630
112.8630
112.7890
112.7890
112.6700
112.6700
112.6410
112.6410
112.4980
112.4980
112.4800
112.4800
112.3260
112.3260
112.2750
112.2750
112.3220
112.3220
112.2560
112.2560
112.1520
112.1520
112.0880
112.0880
112.0330
112.0330
112.0250
112.0250
111.8730
111.8730
111.8180
111.8180
111.7250
111.7250
111.6660
111.6660
111.6600
111.6600
111.6760
111.6760
111.5550
111.5550
111.5430
111.5430
111.3260
111.3260
111.0330
111.0330
110.9320
110.9320
110.9380
110.9380
110.9960
110.9960
111.0660
111.0660
111.0900
111.0900
111.0250
111.0250
111.0350
111.0350
110.9980
110.9980
110.9300
110.9300
110.8220
110.8220
110.7680
110.7680
110.6990
110.6990
110.6290
110.6290
110.5700
110.5700
110.5490
110.5490
110.5040
110.5040
110.4260
110.4260
110.4410
110.4410
110.4320
110.4320
110.3950
110.3950
110.3810
110.3810
110.4770
110.4770
110.5780
110.5780
110.7190
110.7190
110.8070
110.8070
110.9920
110.9920
111.1410
111.1410
111.2380
111.2380
111.2380
111.2380
111.2380
111.2380
111.5680
111.5680
111.7400
111.7400
111.8220
111.8220
111.8790
111.8790
112.0250
112.0250
112.1390
112.1390
112.2520
112.2520
112.3300
112.3300
112.4410
112.4410
112.5200
112.5200
112.5020
112.5020
112.6050
112.6050
112.6560
112.6560
112.7070
112.7070
112.7520
112.7520
112.7750
112.7750
112.7950
112.7950
112.7770
112.7770
112.7770
112.7830
112.7830
112.7770
112.7770
112.8160
112.8160
112.8240
112.8240
112.9220
112.9220
112.9670
112.9670
113.0470
113.0470
113.1480
113.1480
113.2340
113.2340
113.3090
113.3090
113.3570
113.3570
113.5630
113.5630
113.5900
113.5900
113.6480
113.6480
113.6740
113.6740
113.7090
113.7090
113.6950
113.6950
113.8810
113.8810
113.7710
113.7710
113.8610
113.8610
113.8540
113.8540
113.9410
113.9410
113.9840
113.9840
114.1170
114.1170
114.1040
114.1040
114.1970
114.1970
114.2110
114.2110
114.3090
114.3090
114.3500
114.3500
114.4610
114.4610
114.4920
114.4920
114.5900
114.5900
114.6480
114.6480
114.7640
114.7640
114.8260
114.8260
114.9880
114.9880
115.1130
115.1130
115.3030
115.3030
115.3750
115.3750
115.4980
115.4980
115.6760
115.6760
115.7730
115.7730
115.9140
115.9140
116.0760
116.0760
116.2620
116.2620
116.4470
116.4470
116.6450
116.6450
116.7810
116.7810
116.8500
116.8500
117.0080
117.0080
117.0210
117.0210
117.1950
117.1950
117.3650
117.3650
117.3570
117.3570
117.5630
117.5630
117.5720
117.5720
117.7460
117.7460
117.9020
117.9020
117.8980
117.8980
118.0080
118.0080
118.0780
118.0780
118.1640
118.1640
118.2210
118.2210
118.3650
118.3650
118.4690
118.4690
118.4840
118.4840
118.6070
118.6070
118.7270
118.7270
118.8360
118.8360
118.8610
118.8610
118.9300
118.9300
119.0660
119.0660
119.1800
119.1800
119.1860
119.1860
119.3200
119.3200
119.3910
119.3910
119.3240
119.3240
119.4900
119.4900
119.5450
119.5450
119.6210
119.6210
119.6520
119.6520
119.6520
119.7300
119.7300
119.7970
119.7970
119.7950
119.7950
119.9000
119.9000
119.9450
119.9450
120.0080
120.0080
120.0760
120.0760
120.1310
120.1310
120.1350
120.1350
120.2300
120.2300
120.3070
120.3070
120.3710
120.3710
120.4240
120.4240
120.4510
120.4510
120.5960
120.5960
120.5310
120.5310
120.5840
120.5840
120.6500
120.6500
120.6520
120.6520
120.6500
120.6500
120.6740
120.6740
120.7290
120.7290
120.6890
120.6890
120.7600
120.7600
120.8010
120.8010
120.7680
120.7680
120.8810
120.8810
120.8730
120.8730
120.8730
120.8730
120.8950
120.8950
120.9550
120.9550
120.9900
120.9900
121.0390
121.0390
121.1210
121.1210
121.0490
121.0490
121.0040
121.0040
120.9860
120.9860
121.0040
121.0040
120.9160
120.9160
120.9380
120.9380
120.9550
120.9550
120.9200
120.9200
120.9280
120.9280
120.8890
120.8890
120.8910
120.8910
120.9180
120.9180
120.9570
120.9570
120.9690
120.9690
121.0000
121.0000
120.9510
120.9510
121.0230
121.0230
121.0350
121.0350
121.0880
121.0880
121.0700
121.0700
121.0840
121.0840
121.0640
121.0640
121.0700
121.0700
120.9140
120.9140
120.8570
120.8570
120.8180
120.8180
120.7130
120.7130
120.6310
120.6310
120.5630
120.5630
120.5160
120.5160
120.3690
120.3690
120.2990
120.2990
120.1500
120.1500
120.1450
120.1450
120.0720
120.0720
120.1250
120.1250
120.0230
120.0230
120.0450
120.0450
119.9980
119.9980
120.0920
120.0920
120.0330
120.0330
119.9160
119.9160
119.9340
119.9340
119.9650
119.9650
119.9100
119.9100
120.0200
120.0200
120.0200
119.9670
119.9670
119.9650
119.9650
120.0230
120.0230
119.8980
119.8980
119.9340
119.9340
119.9200
119.9200
119.9280
119.9280
119.8950
119.8950
119.8070
119.8070
119.9380
119.9380
119.8830
119.8830
119.8770
119.8770
119.8260
119.8260
119.9100
119.9100
119.9200
119.9200
119.9180
119.9180
119.8650
119.8650
119.9430
119.9430
119.9200
119.9200
119.8670
119.8670
119.7420
119.7420
119.7400
119.7400
119.6720
119.6720
119.6370
119.6370
119.5900
119.5900
119.6040
119.6040
119.4770
119.4770
119.4080
119.4080
119.4240
119.4240
119.3460
119.3460
119.2950
119.2950
119.2750
119.2750
119.2790
119.2790
119.2210
119.2210
119.1860
119.1860
119.1760
119.1760
119.2030
119.2030
119.1950
119.1950
119.2440
119.2440
119.2520
119.2520
119.3090
119.3090
119.3400
119.3400
119.4530
119.4530
119.4790
119.4790
119.4710
119.4710
119.4180
119.4180
119.4240
119.4240
119.4820
119.4820
119.4200
119.4200
119.4900
119.4900
119.4960
119.4960
119.5660
119.5660
119.5820
119.5820
119.6370
119.6370
119.6190
119.6190
119.6230
119.6230
119.5510
119.5510
119.5780
119.5780
119.5550
119.5550
119.4960
119.4960
119.4360
119.4360
119.5040
119.5040
119.3630
119.3630
119.3850
119.3850
119.3420
119.3420
119.4060
119.4060
119.4470
119.4470
119.4390
119.4390
119.4510
119.4510
119.5000
119.5000
119.5590
119.5590
119.4960
119.4960
119.5490
119.5490
119.5120
119.5120
119.5290
119.5290
119.5860
119.5860
119.5960
119.5960
119.6370
119.6370
119.7290
119.7290
119.7290
119.7130
119.7130
119.7750
119.7750
119.7400
119.7400
119.8200
119.8200
119.9450
119.9450
120.0250
120.0250
120.1000
120.1000
120.2010
120.2010
120.2030
120.2030
120.2010
120.2010
120.2070
120.2070
120.1430
120.1430
120.1500
120.1500
120.0100
120.0100
119.9180
119.9180
119.8420
119.8420
119.7660
119.7660
119.7290
119.7290
119.6990
119.6990
119.6410
119.6410
119.6890
119.6890
119.4940
119.4940
119.4590
119.4590
119.3960
119.3960
119.3910
119.3910
119.2970
119.2970
119.2190
119.2190
119.1780
119.1780
119.1190
119.1190
119.0430
119.0430
119.0310
119.0310
119.0020
119.0020
118.9710
118.9710
118.9450
118.9450
118.6040
118.6040
118.5310
118.5310
118.5180
118.5180
118.5530
118.5530
118.6350
118.6350
118.7090
118.7090
118.7050
118.7050
118.6800
118.6800
118.6890
118.6890
118.5630
118.5630
118.5720
118.5720
118.4940
118.4940
118.3540
118.3540
118.3480
118.3480
118.2460
118.2460
118.3200
118.3200
118.3540
118.3540
118.3770
118.3770
118.3950
118.3950
118.3830
118.3830
118.4160
118.4160
118.4360
118.4360
118.4000
118.4000
118.3980
118.3980
118.3930
118.3930
118.3950
118.3950
118.3420
118.3420
118.3540
118.3540
118.3320
118.3320
118.3320
118.3320
118.3320
118.3320
118.3240
118.3240
118.2170
118.2170
118.1760
118.1760
118.2680
118.2680
118.2290
118.2290
118.2360
118.2360
118.2910
118.2910
118.2990
118.2990
118.2830
118.2830
118.2150
118.2150
118.1350
118.1350
118.1130
118.1130
118.0570
118.0570
118.0390
118.0390
117.9570
117.9570
117.9140
117.9140
117.8690
117.8690
117.8690
117.8220
117.8220
117.8340
117.8340
117.8140
117.8140
117.8320
117.8320
117.8070
117.8070
117.7970
117.7970
117.8650
117.8650
117.9100
117.9100
117.9260
117.9260
117.9630
117.9630
118.0100
118.0100
117.9840
117.9840
117.9980
117.9980
117.9470
117.9470
118.0530
118.0530
118.0760
118.0760
118.0680
118.0680
118.0980
118.0980
118.1370
118.1370
118.1330
118.1330
118.0920
118.0920
118.1540
118.1540
118.1520
118.1520
118.1540
118.1540
118.1680
118.1680
118.1930
118.1930
118.1580
118.1580
118.2050
118.2050
118.2270
118.2270
118.1910
118.1910
118.1880
118.1880
118.2460
118.2460
118.1890
118.1890
118.2440
118.2440
118.2440
118.2440
118.2700
118.2700
118.2110
118.2110
118.2640
118.2640
118.2110
118.2110
118.2070
118.2070
118.2870
118.2870
118.2440
118.2440
118.2700
118.2700
118.2130
118.2130
118.2700
118.2700
118.2190
118.2190
118.3240
118.3240
118.2440
118.2440
118.2870
118.2870
118.2480
118.2480
118.2340
118.2340
118.2340
118.2340
118.2270
118.2270
118.3050
118.3050
118.3140
118.3140
118.2480
118.2480
118.3280
118.3280
118.3200
118.3200
118.3570
118.3570
118.2770
118.2770
118.3340
118.3340
118.3670
118.3670
118.3520
118.3520
118.3690
118.3690
118.3730
118.3730
118.3610
118.3610
118.3630
118.3630
118.3790
118.3790
118.3980
118.3980
118.3260
118.3260
118.3050
118.3050
118.3280
118.3280
118.2520
118.2520
118.2190
118.2190
118.2070
118.2070
118.1520
118.1520
118.1230
118.1230
118.1520
118.1520
118.1500
118.1500
118.1500
118.1540
118.1540
118.1130
118.1130
118.1390
118.1390
118.1560
118.1560
118.1330
118.1330
118.0880
118.0880
117.9980
117.9980
118.0860
118.0860
118.0840
118.0840
118.1020
118.1020
118.1800
118.1800
118.1170
118.1170
118.1190
118.1190
118.0760
118.0760
118.1210
118.1210
118.1250
118.1250
118.2130
118.2130
118.1290
118.1290
118.1910
118.1910
118.1390
118.1390
118.2070
118.2070
118.1970
118.1970
118.2030
118.2030
118.1990
118.1990
118.1330
118.1330
118.1370
118.1370
118.1460
118.1460
118.1370
118.1370
118.1020
118.1020
118.1450
118.1450
118.2380
118.2380
118.2360
118.2360
118.2130
118.2130
118.2990
118.2990
118.2340
118.2340
118.2150
118.2150
118.2250
118.2250
118.2520
118.2520
118.2640
118.2640
118.2970
118.2970
118.2770
118.2770
118.2010
118.2010
118.2170
118.2170
118.2290
118.2290
118.2380
118.2380
118.1950
118.1950
118.2320
118.2320
118.2830
118.2830
118.4280
118.4280
118.4450
118.4450
118.6090
118.6090
118.6660
118.6660
118.7680
118.7680
118.7950
118.7950
118.8140
118.8140
118.9800
118.9800
119.0120
119.0120
119.0550
119.0550
119.0780
119.0780
119.2250
119.2250
119.2540
119.2540
119.3650
119.3650
119.3650
119.3650
119.5680
119.5680
119.6720
119.6720
119.6990
119.6990
119.8110
119.8110
119.9240
119.9240
120.0590
120.0590
120.2640
120.2640
120.3320
120.3320
120.4530
120.4530
120.5510
120.5510
120.6860
120.6860
120.7660
120.7660
120.8280
120.8280
120.8790
120.8790
120.9000
120.9000
120.8790
120.8790
121.0020
121.0020
121.0230
121.0230
121.0230
121.0840
121.0840
121.1880
121.1880
121.2170
121.2170
121.2460
121.2460
121.3500
121.3500
121.4100
121.4100
121.5450
121.5450
121.6430
121.6430
121.8690
121.8690
121.9980
121.9980
122.1370
122.1370
122.2970
122.2970
122.4200
122.4200
122.6520
122.6520
122.7700
122.7700
122.8810
122.8810
123.1520
123.1520
123.2580
123.2580
123.3870
123.3870
123.5450
123.5450
123.6560
123.6560
123.8500
123.8500
123.9020
123.9020
123.8710
123.8710
123.6950
123.6950
123.3520
123.3520
123.0720
123.0720
122.8360
122.8360
122.4240
122.4240
122.1890
122.1890
121.9650
121.9650
121.7010
121.7010
121.4880
121.4880
121.3070
121.3070
121.2850
121.2850
121.2830
121.2830
121.3010
121.3010
121.4180
121.4180
121.5960
121.5960
121.7300
121.7300
121.8950
121.8950
122.0680
122.0680
122.1800
122.1800
122.3850
122.3850
122.5470
122.5470
122.7090
122.7090
122.8360
122.8360
122.9430
122.9430
123.0760
123.0760
123.3030
123.3030
123.4770
123.4770
123.5940
123.5940
123.7660
123.7660
123.9280
123.9280
124.1350
124.1350
124.3280
124.3280
124.4080
124.4080
124.6310
124.6310
124.6500
124.6500
124.7950
124.7950
124.9140
124.9140
125.0390
125.0390
125.1210
125.1210
125.2380
125.2380
125.4450
125.4450
125.5200
125.5200
125.6130
125.6130
125.6820
125.6820
125.7910
125.7910
125.8140
125.8140
125.8300
125.8300
125.9410
125.9410
125.9040
125.9040
126.0310
126.0310
126.0720
126.0720
126.0020
126.0020
126.0920
126.0920
126.2090
126.2090
126.2380
126.2380
126.2380
126.3380
126.3380
126.3110
126.3110
126.3070
126.3070
126.2500
126.2500
126.1640
126.1640
126.1130
126.1130
125.9220
125.9220
125.9300
125.9300
125.8320
125.8320
125.7480
125.7480
125.6410
125.6410
125.5230
125.5230
125.3670
125.3670
125.3070
125.3070
125.2230
125.2230
125.1150
125.1150
124.9360
124.9360
124.8220
124.8220
124.6860
124.6860
124.4800
124.4800
124.4470
124.4470
124.3140
124.3140
124.2360
124.2360
124.1560
124.1560
124.0370
124.0370
123.9570
123.9570
123.9300
123.9300
123.7640
123.7640
123.6500
123.6500
123.6250
123.6250
123.4240
123.4240
123.1860
123.1860
123.1680
123.1680
123.1350
123.1350
123.0000
123.0000
122.8690
122.8690
122.6990
122.6990
122.4590
122.4590
122.3380
122.3380
122.2250
122.2250
122.1620
122.1620
122.2520
122.2520
122.1390
122.1390
122.0210
122.0210
121.8220
121.8220
121.6250
121.6250
121.4790
121.4790
121.2890
121.2890
121.1640
121.1640
121.1990
121.1990
121.1560
121.1560
121.0550
121.0550
121.0020
121.0020
121.0610
121.0610
121.0800
121.0800
121.0590
121.0590
121.1460
121.1460
121.0330
121.0330
121.1580
121.1580
121.1090
121.1090
121.1330
121.1330
121.2700
121.2700
121.3130
121.3130
121.3570
121.3570
121.4800
121.4800
121.8010
121.8010
121.9790
121.9790
122.1150
122.1150
122.1150
122.1150
122.3750
122.3750
122.5610
122.5610
122.6620
122.6620
122.7480
122.7480
122.7870
122.7870
122.8750
122.8750
122.8480
122.8480
122.9220
122.9220
122.8890
122.8890
122.8500
122.8500
122.8650
122.8650
122.8400
122.8400
122.8400
122.7870
122.7870
122.7190
122.7190
122.6950
122.6950
122.6520
122.6520
122.6640
122.6640
122.6050
122.6050
122.6070
122.6070
122.5200
122.5200
122.5860
122.5860
122.5020
122.5020
122.5640
122.5640
122.4470
122.4470
122.4880
122.4880
122.4840
122.4840
122.4650
122.4650
122.4080
122.4080
122.3500
122.3500
122.3500
122.3500
122.4510
122.4510
122.3690
122.3690
122.3550
122.3550
122.3690
122.3690
122.3010
122.3010
122.2400
122.2400
122.2320
122.2320
122.1860
122.1860
122.1540
122.1540
122.1680
122.1680
122.1580
122.1580
122.1540
122.1540
122.1000
122.1000
122.1350
122.1350
122.0080
122.0080
121.9940
121.9940
121.8690
121.8690
121.7540
121.7540
121.6500
121.6500
121.5720
121.5720
121.5510
121.5510
121.5020
121.5020
121.5680
121.5680
121.5780
121.5780
121.5680
121.5680
121.6760
121.6760
121.6480
121.6480
121.7030
121.7030
121.7420
121.7420
121.7150
121.7150
121.6600
121.6600
121.5370
121.5370
121.3670
121.3670
121.1560
121.1560
120.8360
120.8360
120.6210
120.6210
120.3400
120.3400
120.0430
120.0430
119.8320
119.8320
119.6020
119.6020
119.3240
119.3240
119.1390
119.1390
118.8520
118.8520
118.6410
118.6410
118.3980
118.3980
118.1720
118.1720
117.8930
117.8930
117.7890
117.7890
117.5760
117.5760
117.4180
117.4180
117.2790
117.2790
117.1520
117.1520
117.0980
117.0980
117.1020
117.1020
117.1410
117.1410
117.2030
117.2030
117.2460
117.2460
117.2660
117.2660
117.3340
117.3340
117.3610
117.3610
117.3500
117.3500
117.2790
117.2790
117.2790
117.2730
117.2730
117.1990
117.1990
117.1190
117.1190
116.9900
116.9900
116.9630
116.9630
116.8500
116.8500
116.7460
116.7460
116.7290
116.7290
116.6430
116.6430
116.6350
116.6350
116.5370
116.5370
116.4750
116.4750
116.4880
116.4880
116.4080
116.4080
116.3630
116.3630
116.3180
116.3180
116.3110
116.3110
116.3240
116.3240
116.3320
116.3320
116.2340
116.2340
116.2050
116.2050
116.1880
116.1880
116.1290
116.1290
116.1090
116.1090
116.1130
116.1130
116.0760
116.0760
116.1090
116.1090
116.0390
116.0390
116.0530
116.0530
116.0160
116.0160
115.9790
115.9790
115.9770
115.9770
115.9730
115.9730
115.9490
115.9490
115.9080
115.9080
115.9060
115.9060
115.8160
115.8160
115.8980
115.8980
115.8870
115.8870
115.8850
115.8850
115.8960
115.8960
115.9060
115.9060
115.8960
115.8960
115.9670
115.9670
116.0080
116.0080
115.9860
115.9860
115.9650
115.9650
115.9670
115.9670
115.9430
115.9430
115.8770
115.8770
115.9510
115.9510
115.9260
115.9260
115.9080
115.9080
115.8500
115.8500
115.8340
115.8340
115.8340
115.8340
115.7540
115.7540
115.7640
115.7640
115.7870
115.7870
115.7150
115.7150
115.6700
115.6700
115.6150
115.6150
115.6290
115.6290
115.5630
115.5630
115.5230
115.5230
115.4340
115.4340
115.3380
115.3380
115.3420
115.3420
115.3420
115.3420
115.3420
115.3420
115.1860
115.1860
115.1640
115.1640
115.2580
115.2580
115.3890
115.3890
115.4770
115.4770
115.7730
115.7730
115.9300
115.9300
116.1250
116.1250
116.3110
116.3110
116.4800
116.4800
116.4800
116.6190
116.6190
116.6740
116.6740
116.8320
116.8320
116.8790
116.8790
116.9960
116.9960
117.0100
117.0100
116.8790
116.8790
116.8630
116.8630
116.7250
116.7250
116.5660
116.5660
116.4630
116.4630
116.3340
116.3340
116.2050
116.2050
116.0570
116.0570
115.8690
115.8690
115.8200
115.8200
115.5940
115.5940
115.4240
115.4240
115.2600
115.2600
115.1410
115.1410
114.9610
114.9610
114.8300
114.8300
114.7010
114.7010
114.6450
114.6450
114.5720
114.5720
114.5290
114.5290
114.5550
114.5550
114.5640
114.5640
114.6250
114.6250
114.5350
114.5350
114.5610
114.5610
114.6330
114.6330
114.7710
114.7710
114.8810
114.8810
115.0860
115.0860
115.2360
115.2360
115.3810
115.3810
115.4710
115.4710
115.5470
115.5470
115.6760
115.6760
115.7750
115.7750
115.8420
115.8420
115.8980
115.8980
115.8140
115.8140
115.7230
115.7230
115.6170
115.6170
115.5000
115.5000
115.4300
115.4300
115.2420
115.2420
115.1620
115.1620
114.9490
114.9490
114.8240
114.8240
